20 20
93454 64549 86813 72652 73711 79604 61836 61493 72341 75787 66117 76764 72722 86157 77776 69909 81416 76817 73974 58431
64549 80046 83013 60935 59665 67408 56503 54385 74657 71445 66641 57762 54669 71674 73760 61780 74395 72999 67367 60024
86813 83013 132460 84770 103800 103364 85198 76548 97796 94931 90804 90986 90344 105760 94080 88753 100902 96521 89605 85266
72652 60935 84770 88774 75889 75656 58165 60321 65735 73188 60714 67867 67644 78284 76220 64160 68443 72112 75671 60619
73711 59665 103800 75889 110016 88310 68714 60946 79937 82679 72942 76848 82171 98521 80133 65281 80923 76842 77147 66852
79604 67408 103364 75656 88310 108702 75359 72461 87081 81232 75215 85177 85002 95746 81232 68540 90436 83467 81502 68297
61836 56503 85198 58165 68714 75359 79296 52389 68377 60873 71158 64558 68744 70394 66717 65479 67719 69297 70512 53868
61493 54385 76548 60321 60946 72461 52389 78171 75490 70125 59316 63004 63120 79836 65376 54121 67116 71350 61174 52925
72341 74657 97796 65735 79937 87081 68377 75490 106873 84038 70297 71232 72777 96691 83646 64161 82795 79295 80688 69084
75787 71445 94931 73188 82679 81232 60873 70125 84038 109791 70577 75896 79708 94146 90924 64151 74254 84161 79630 69180
66117 66641 90804 60714 72942 75215 71158 59316 70297 70577 97567 70039 70742 77073 73223 61182 81781 75761 77885 58861
76764 57762 90986 67867 76848 85177 64558 63004 71232 75896 70039 90076 76684 92893 73137 62798 83665 77168 74717 61902
72722 54669 90344 67644 82171 85002 68744 63120 72777 79708 70742 76684 91402 91819 75259 68927 71691 77429 77843 65984
86157 71674 105760 78284 98521 95746 70394 79836 96691 94146 77073 92893 91819 130289 94710 75648 90889 89115 78033 76051
77776 73760 94080 76220 80133 81232 66717 65376 83646 90924 73223 73137 75259 94710 106169 66638 73231 77611 77510 67947
69909 61780 88753 64160 65281 68540 65479 54121 64161 64151 61182 62798 68927 75648 66638 87377 69679 76017 67988 60442
81416 74395 100902 68443 80923 90436 67719 67116 82795 74254 81781 83665 71691 90889 73231 69679 102157 87888 76500 68286
76817 72999 96521 72112 76842 83467 69297 71350 79295 84161 75761 77168 77429 89115 77611 76017 87888 105747 80567 71140
73974 67367 89605 75671 77147 81502 70512 61174 80688 79630 77885 74717 77843 78033 77510 67988 76500 80567 104659 70254
58431 60024 85266 60619 66852 68297 53868 52925 69084 69180 58861 61902 65984 76051 67947 60442 68286 71140 70254 74918
